1000000047
1000000102
1000000107
1000000132
1000000377
1000000409
1000000410
1000000411
1000000412
1000000413
1000000417
1000000418
1000000419
1000000420
1000000421
1000000523
1000000525
1000000526
1000000527
1000000596
1000000597
1000000598
1000000599
1000000600
1000000601
1000000602
1000000615
1000000616
1000000617
1000000618
1000000624
1000000645
1000001100
1000001149
1000001150
1000001151
1000001152
1000001153
1000001154
1000001155
1000001156
1000001157
1000001158
1000001159
1000001160
1000001161
1000001162
1000001208
1000001209
1000001210
1000001211
1000001212
1000001213
1000001214
1000001215
1000001216
1000001226
1000001227
1000001228
1000001229
1000001230